{
 "nbformat": 4,
 "nbformat_minor": 2,
 "metadata": {
  "language_info": {
   "name": "python",
   "codemirror_mode": {
    "name": "ipython",
    "version": 3
   },
   "version": "3.7.6-final"
  },
  "orig_nbformat": 2,
  "file_extension": ".py",
  "mimetype": "text/x-python",
  "name": "python",
  "npconvert_exporter": "python",
  "pygments_lexer": "ipython3",
  "version": 3,
  "kernelspec": {
   "name": "ks-sl",
   "display_name": "ks-sl"
  }
 },
 "cells": [
  {
   "cell_type": "markdown",
   "execution_count": null,
   "metadata": {},
   "outputs": [],
   "source": [
    "# Análisis de datos y selección de características en el Boston Dataset"
   ]
  },
  {
   "cell_type": "markdown",
   "execution_count": null,
   "metadata": {},
   "outputs": [],
   "source": [
    "En este cuaderno, vamos a realizar una selección de técnicas exploratorias de los datos, a la vez que una implementación de una técnica de selección de características conocida como [*backward elimination*](https://towardsdatascience.com/backward-elimination-for-feature-selection-in-machine-learning-c6a3a8f8cef4)."
   ]
  },
  {
   "cell_type": "markdown",
   "execution_count": null,
   "metadata": {},
   "outputs": [],
   "source": [
    "## Importación de módulos y carga del dataset"
   ]
  },
  {
   "cell_type": "markdown",
   "execution_count": null,
   "metadata": {},
   "outputs": [],
   "source": [
    "Importamos la mayoría de módulos necesarios (importaremos alguno más bajo demanda según vayamos progresando en el cuaderno):"
   ]
  },
  {
   "cell_type": "code",
   "execution_count": 5,
   "metadata": {},
   "outputs": [],
   "source": [
    "import pandas as pd\n",
    "import numpy as np\n",
    "import matplotlib.pyplot as plt\n",
    "from sklearn.datasets import load_boston\n",
    "from sklearn.model_selection import train_test_split\n",
    "import seaborn as sns"
   ]
  },
  {
   "cell_type": "markdown",
   "execution_count": null,
   "metadata": {},
   "outputs": [],
   "source": [
    "Para realizar la eliminación hacia atrás, necesitaremos un nuevo módulo que no está cargado en nuestro entorno. Procedemos a instalarlo en él con conda:"
   ]
  },
  {
   "cell_type": "code",
   "execution_count": null,
   "metadata": {},
   "outputs": [],
   "source": [
    "!conda install -y --name ks-sl statsmodels"
   ]
  },
  {
   "cell_type": "markdown",
   "execution_count": null,
   "metadata": {},
   "outputs": [],
   "source": [
    "Ahora, cargamos el dataset:"
   ]
  },
  {
   "cell_type": "code",
   "execution_count": 6,
   "metadata": {},
   "outputs": [],
   "source": [
    "# Cargamos el dataset, tipo Scikit-Learn Bunch\n",
    "boston_data = load_boston()\n",
    "\n",
    "# Lo convertimos a un DataFrame de Pandas\n",
    "df_boston = pd.DataFrame(np.column_stack((boston_data.data, boston_data.target)),columns = np.append(boston_data.feature_names,['TARGET']))"
   ]
  },
  {
   "cell_type": "markdown",
   "execution_count": null,
   "metadata": {},
   "outputs": [],
   "source": [
    "## Exploración inicial"
   ]
  },
  {
   "cell_type": "markdown",
   "execution_count": null,
   "metadata": {},
   "outputs": [],
   "source": [
    "Echamos un vistazo a los datos en el dataset:"
   ]
  },
  {
   "cell_type": "code",
   "execution_count": 7,
   "metadata": {},
   "outputs": [
    {
     "data": {
      "text/html": "<div>\n<style scoped>\n    .dataframe tbody tr th:only-of-type {\n        vertical-align: middle;\n    }\n\n    .dataframe tbody tr th {\n        vertical-align: top;\n    }\n\n    .dataframe thead th {\n        text-align: right;\n    }\n</style>\n<table border=\"1\" class=\"dataframe\">\n  <thead>\n    <tr style=\"text-align: right;\">\n      <th></th>\n      <th>CRIM</th>\n      <th>ZN</th>\n      <th>INDUS</th>\n      <th>CHAS</th>\n      <th>NOX</th>\n      <th>RM</th>\n      <th>AGE</th>\n      <th>DIS</th>\n      <th>RAD</th>\n      <th>TAX</th>\n      <th>PTRATIO</th>\n      <th>B</th>\n      <th>LSTAT</th>\n      <th>TARGET</th>\n    </tr>\n  </thead>\n  <tbody>\n    <tr>\n      <th>0</th>\n      <td>0.00632</td>\n      <td>18.0</td>\n      <td>2.31</td>\n      <td>0.0</td>\n      <td>0.538</td>\n      <td>6.575</td>\n      <td>65.2</td>\n      <td>4.0900</td>\n      <td>1.0</td>\n      <td>296.0</td>\n      <td>15.3</td>\n      <td>396.90</td>\n      <td>4.98</td>\n      <td>24.0</td>\n    </tr>\n    <tr>\n      <th>1</th>\n      <td>0.02731</td>\n      <td>0.0</td>\n      <td>7.07</td>\n      <td>0.0</td>\n      <td>0.469</td>\n      <td>6.421</td>\n      <td>78.9</td>\n      <td>4.9671</td>\n      <td>2.0</td>\n      <td>242.0</td>\n      <td>17.8</td>\n      <td>396.90</td>\n      <td>9.14</td>\n      <td>21.6</td>\n    </tr>\n    <tr>\n      <th>2</th>\n      <td>0.02729</td>\n      <td>0.0</td>\n      <td>7.07</td>\n      <td>0.0</td>\n      <td>0.469</td>\n      <td>7.185</td>\n      <td>61.1</td>\n      <td>4.9671</td>\n      <td>2.0</td>\n      <td>242.0</td>\n      <td>17.8</td>\n      <td>392.83</td>\n      <td>4.03</td>\n      <td>34.7</td>\n    </tr>\n    <tr>\n      <th>3</th>\n      <td>0.03237</td>\n      <td>0.0</td>\n      <td>2.18</td>\n      <td>0.0</td>\n      <td>0.458</td>\n      <td>6.998</td>\n      <td>45.8</td>\n      <td>6.0622</td>\n      <td>3.0</td>\n      <td>222.0</td>\n      <td>18.7</td>\n      <td>394.63</td>\n      <td>2.94</td>\n      <td>33.4</td>\n    </tr>\n    <tr>\n      <th>4</th>\n      <td>0.06905</td>\n      <td>0.0</td>\n      <td>2.18</td>\n      <td>0.0</td>\n      <td>0.458</td>\n      <td>7.147</td>\n      <td>54.2</td>\n      <td>6.0622</td>\n      <td>3.0</td>\n      <td>222.0</td>\n      <td>18.7</td>\n      <td>396.90</td>\n      <td>5.33</td>\n      <td>36.2</td>\n    </tr>\n  </tbody>\n</table>\n</div>",
      "text/plain": "      CRIM    ZN  INDUS  CHAS    NOX     RM   AGE     DIS  RAD    TAX  \\\n0  0.00632  18.0   2.31   0.0  0.538  6.575  65.2  4.0900  1.0  296.0   \n1  0.02731   0.0   7.07   0.0  0.469  6.421  78.9  4.9671  2.0  242.0   \n2  0.02729   0.0   7.07   0.0  0.469  7.185  61.1  4.9671  2.0  242.0   \n3  0.03237   0.0   2.18   0.0  0.458  6.998  45.8  6.0622  3.0  222.0   \n4  0.06905   0.0   2.18   0.0  0.458  7.147  54.2  6.0622  3.0  222.0   \n\n   PTRATIO       B  LSTAT  TARGET  \n0     15.3  396.90   4.98    24.0  \n1     17.8  396.90   9.14    21.6  \n2     17.8  392.83   4.03    34.7  \n3     18.7  394.63   2.94    33.4  \n4     18.7  396.90   5.33    36.2  "
     },
     "execution_count": 7,
     "metadata": {},
     "output_type": "execute_result"
    }
   ],
   "source": [
    "df_boston.head()"
   ]
  },
  {
   "cell_type": "markdown",
   "execution_count": null,
   "metadata": {},
   "outputs": [],
   "source": [
    "Echamos también un vistazo al número de instancias (muestras) y características que tenemos:"
   ]
  },
  {
   "cell_type": "code",
   "execution_count": 8,
   "metadata": {},
   "outputs": [
    {
     "data": {
      "text/plain": "(506, 14)"
     },
     "execution_count": 8,
     "metadata": {},
     "output_type": "execute_result"
    }
   ],
   "source": [
    "df_boston.shape"
   ]
  },
  {
   "cell_type": "markdown",
   "execution_count": null,
   "metadata": {},
   "outputs": [],
   "source": [
    "Por último, visualizamos una serie de parámetros estadísticos que son útiles para conocer la distribución de los datos:"
   ]
  },
  {
   "cell_type": "code",
   "execution_count": 9,
   "metadata": {},
   "outputs": [
    {
     "data": {
      "text/html": "<div>\n<style scoped>\n    .dataframe tbody tr th:only-of-type {\n        vertical-align: middle;\n    }\n\n    .dataframe tbody tr th {\n        vertical-align: top;\n    }\n\n    .dataframe thead th {\n        text-align: right;\n    }\n</style>\n<table border=\"1\" class=\"dataframe\">\n  <thead>\n    <tr style=\"text-align: right;\">\n      <th></th>\n      <th>CRIM</th>\n      <th>ZN</th>\n      <th>INDUS</th>\n      <th>CHAS</th>\n      <th>NOX</th>\n      <th>RM</th>\n      <th>AGE</th>\n      <th>DIS</th>\n      <th>RAD</th>\n      <th>TAX</th>\n      <th>PTRATIO</th>\n      <th>B</th>\n      <th>LSTAT</th>\n      <th>TARGET</th>\n    </tr>\n  </thead>\n  <tbody>\n    <tr>\n      <th>count</th>\n      <td>506.000000</td>\n      <td>506.000000</td>\n      <td>506.000000</td>\n      <td>506.000000</td>\n      <td>506.000000</td>\n      <td>506.000000</td>\n      <td>506.000000</td>\n      <td>506.000000</td>\n      <td>506.000000</td>\n      <td>506.000000</td>\n      <td>506.000000</td>\n      <td>506.000000</td>\n      <td>506.000000</td>\n      <td>506.000000</td>\n    </tr>\n    <tr>\n      <th>mean</th>\n      <td>3.613524</td>\n      <td>11.363636</td>\n      <td>11.136779</td>\n      <td>0.069170</td>\n      <td>0.554695</td>\n      <td>6.284634</td>\n      <td>68.574901</td>\n      <td>3.795043</td>\n      <td>9.549407</td>\n      <td>408.237154</td>\n      <td>18.455534</td>\n      <td>356.674032</td>\n      <td>12.653063</td>\n      <td>22.532806</td>\n    </tr>\n    <tr>\n      <th>std</th>\n      <td>8.601545</td>\n      <td>23.322453</td>\n      <td>6.860353</td>\n      <td>0.253994</td>\n      <td>0.115878</td>\n      <td>0.702617</td>\n      <td>28.148861</td>\n      <td>2.105710</td>\n      <td>8.707259</td>\n      <td>168.537116</td>\n      <td>2.164946</td>\n      <td>91.294864</td>\n      <td>7.141062</td>\n      <td>9.197104</td>\n    </tr>\n    <tr>\n      <th>min</th>\n      <td>0.006320</td>\n      <td>0.000000</td>\n      <td>0.460000</td>\n      <td>0.000000</td>\n      <td>0.385000</td>\n      <td>3.561000</td>\n      <td>2.900000</td>\n      <td>1.129600</td>\n      <td>1.000000</td>\n      <td>187.000000</td>\n      <td>12.600000</td>\n      <td>0.320000</td>\n      <td>1.730000</td>\n      <td>5.000000</td>\n    </tr>\n    <tr>\n      <th>25%</th>\n      <td>0.082045</td>\n      <td>0.000000</td>\n      <td>5.190000</td>\n      <td>0.000000</td>\n      <td>0.449000</td>\n      <td>5.885500</td>\n      <td>45.025000</td>\n      <td>2.100175</td>\n      <td>4.000000</td>\n      <td>279.000000</td>\n      <td>17.400000</td>\n      <td>375.377500</td>\n      <td>6.950000</td>\n      <td>17.025000</td>\n    </tr>\n    <tr>\n      <th>50%</th>\n      <td>0.256510</td>\n      <td>0.000000</td>\n      <td>9.690000</td>\n      <td>0.000000</td>\n      <td>0.538000</td>\n      <td>6.208500</td>\n      <td>77.500000</td>\n      <td>3.207450</td>\n      <td>5.000000</td>\n      <td>330.000000</td>\n      <td>19.050000</td>\n      <td>391.440000</td>\n      <td>11.360000</td>\n      <td>21.200000</td>\n    </tr>\n    <tr>\n      <th>75%</th>\n      <td>3.677083</td>\n      <td>12.500000</td>\n      <td>18.100000</td>\n      <td>0.000000</td>\n      <td>0.624000</td>\n      <td>6.623500</td>\n      <td>94.075000</td>\n      <td>5.188425</td>\n      <td>24.000000</td>\n      <td>666.000000</td>\n      <td>20.200000</td>\n      <td>396.225000</td>\n      <td>16.955000</td>\n      <td>25.000000</td>\n    </tr>\n    <tr>\n      <th>max</th>\n      <td>88.976200</td>\n      <td>100.000000</td>\n      <td>27.740000</td>\n      <td>1.000000</td>\n      <td>0.871000</td>\n      <td>8.780000</td>\n      <td>100.000000</td>\n      <td>12.126500</td>\n      <td>24.000000</td>\n      <td>711.000000</td>\n      <td>22.000000</td>\n      <td>396.900000</td>\n      <td>37.970000</td>\n      <td>50.000000</td>\n    </tr>\n  </tbody>\n</table>\n</div>",
      "text/plain": "             CRIM          ZN       INDUS        CHAS         NOX          RM  \\\ncount  506.000000  506.000000  506.000000  506.000000  506.000000  506.000000   \nmean     3.613524   11.363636   11.136779    0.069170    0.554695    6.284634   \nstd      8.601545   23.322453    6.860353    0.253994    0.115878    0.702617   \nmin      0.006320    0.000000    0.460000    0.000000    0.385000    3.561000   \n25%      0.082045    0.000000    5.190000    0.000000    0.449000    5.885500   \n50%      0.256510    0.000000    9.690000    0.000000    0.538000    6.208500   \n75%      3.677083   12.500000   18.100000    0.000000    0.624000    6.623500   \nmax     88.976200  100.000000   27.740000    1.000000    0.871000    8.780000   \n\n              AGE         DIS         RAD         TAX     PTRATIO           B  \\\ncount  506.000000  506.000000  506.000000  506.000000  506.000000  506.000000   \nmean    68.574901    3.795043    9.549407  408.237154   18.455534  356.674032   \nstd     28.148861    2.105710    8.707259  168.537116    2.164946   91.294864   \nmin      2.900000    1.129600    1.000000  187.000000   12.600000    0.320000   \n25%     45.025000    2.100175    4.000000  279.000000   17.400000  375.377500   \n50%     77.500000    3.207450    5.000000  330.000000   19.050000  391.440000   \n75%     94.075000    5.188425   24.000000  666.000000   20.200000  396.225000   \nmax    100.000000   12.126500   24.000000  711.000000   22.000000  396.900000   \n\n            LSTAT      TARGET  \ncount  506.000000  506.000000  \nmean    12.653063   22.532806  \nstd      7.141062    9.197104  \nmin      1.730000    5.000000  \n25%      6.950000   17.025000  \n50%     11.360000   21.200000  \n75%     16.955000   25.000000  \nmax     37.970000   50.000000  "
     },
     "execution_count": 9,
     "metadata": {},
     "output_type": "execute_result"
    }
   ],
   "source": [
    "df_boston.describe()"
   ]
  },
  {
   "cell_type": "markdown",
   "execution_count": null,
   "metadata": {},
   "outputs": [],
   "source": [
    "## Análisis de valores que faltan"
   ]
  },
  {
   "cell_type": "markdown",
   "execution_count": null,
   "metadata": {},
   "outputs": [],
   "source": [
    "Un ejercicio necesario es saber si hay valores que faltan. Éstos valores están representados en Pandas por `np.nan`. Pandas nos ofrece una manera de saber qué características los tienen:"
   ]
  },
  {
   "cell_type": "code",
   "execution_count": 10,
   "metadata": {},
   "outputs": [
    {
     "data": {
      "text/plain": "CRIM       False\nZN         False\nINDUS      False\nCHAS       False\nNOX        False\nRM         False\nAGE        False\nDIS        False\nRAD        False\nTAX        False\nPTRATIO    False\nB          False\nLSTAT      False\nTARGET     False\ndtype: bool"
     },
     "execution_count": 10,
     "metadata": {},
     "output_type": "execute_result"
    }
   ],
   "source": [
    "pd.isnull(df_boston).any()"
   ]
  },
  {
   "cell_type": "markdown",
   "execution_count": null,
   "metadata": {},
   "outputs": [],
   "source": [
    "No tenemos ningún valor que falte. Si lo tuviésemos, Pandas nos da la manera de saber el conteo de dichos valores que faltan:"
   ]
  },
  {
   "cell_type": "code",
   "execution_count": 11,
   "metadata": {},
   "outputs": [
    {
     "data": {
      "text/plain": "CRIM       0\nZN         0\nINDUS      0\nCHAS       0\nNOX        0\nRM         0\nAGE        0\nDIS        0\nRAD        0\nTAX        0\nPTRATIO    0\nB          0\nLSTAT      0\nTARGET     0\ndtype: int64"
     },
     "execution_count": 11,
     "metadata": {},
     "output_type": "execute_result"
    }
   ],
   "source": [
    "pd.isnull(df_boston).sum()"
   ]
  },
  {
   "cell_type": "markdown",
   "execution_count": null,
   "metadata": {},
   "outputs": [],
   "source": [
    "Recordemos que, por último, tenemos que analizar si tenemos valores que son cero, y si éstos tienen sentido en el contexto de la medida que expresa la característica. Vamos a buscar si tenemos características que tienen valor cero: "
   ]
  },
  {
   "cell_type": "code",
   "execution_count": 13,
   "metadata": {},
   "outputs": [
    {
     "data": {
      "text/plain": "CRIM         0\nZN         372\nINDUS        0\nCHAS       471\nNOX          0\nRM           0\nAGE          0\nDIS          0\nRAD          0\nTAX          0\nPTRATIO      0\nB            0\nLSTAT        0\nTARGET       0\ndtype: int64"
     },
     "execution_count": 13,
     "metadata": {},
     "output_type": "execute_result"
    }
   ],
   "source": [
    "df_boston.isin([0]).sum()"
   ]
  },
  {
   "cell_type": "markdown",
   "execution_count": null,
   "metadata": {},
   "outputs": [],
   "source": [
    "Sólo ZN y CHAS los tienen: para saber si el cero tiene sentido en el contexto de la característica, vamos a preguntarle a la información del dataset de Scikit-Learn y entender el significado:"
   ]
  },
  {
   "cell_type": "code",
   "execution_count": 14,
   "metadata": {},
   "outputs": [
    {
     "name": "stdout",
     "output_type": "stream",
     "text": ".. _boston_dataset:\n\nBoston house prices dataset\n---------------------------\n\n**Data Set Characteristics:**  \n\n    :Number of Instances: 506 \n\n    :Number of Attributes: 13 numeric/categorical predictive. Median Value (attribute 14) is usually the target.\n\n    :Attribute Information (in order):\n        - CRIM     per capita crime rate by town\n        - ZN       proportion of residential land zoned for lots over 25,000 sq.ft.\n        - INDUS    proportion of non-retail business acres per town\n        - CHAS     Charles River dummy variable (= 1 if tract bounds river; 0 otherwise)\n        - NOX      nitric oxides concentration (parts per 10 million)\n        - RM       average number of rooms per dwelling\n        - AGE      proportion of owner-occupied units built prior to 1940\n        - DIS      weighted distances to five Boston employment centres\n        - RAD      index of accessibility to radial highways\n        - TAX      full-value property-tax rate per $10,000\n        - PTRATIO  pupil-teacher ratio by town\n        - B        1000(Bk - 0.63)^2 where Bk is the proportion of blacks by town\n        - LSTAT    % lower status of the population\n        - MEDV     Median value of owner-occupied homes in $1000's\n\n    :Missing Attribute Values: None\n\n    :Creator: Harrison, D. and Rubinfeld, D.L.\n\nThis is a copy of UCI ML housing dataset.\nhttps://archive.ics.uci.edu/ml/machine-learning-databases/housing/\n\n\nThis dataset was taken from the StatLib library which is maintained at Carnegie Mellon University.\n\nThe Boston house-price data of Harrison, D. and Rubinfeld, D.L. 'Hedonic\nprices and the demand for clean air', J. Environ. Economics & Management,\nvol.5, 81-102, 1978.   Used in Belsley, Kuh & Welsch, 'Regression diagnostics\n...', Wiley, 1980.   N.B. Various transformations are used in the table on\npages 244-261 of the latter.\n\nThe Boston house-price data has been used in many machine learning papers that address regression\nproblems.   \n     \n.. topic:: References\n\n   - Belsley, Kuh & Welsch, 'Regression diagnostics: Identifying Influential Data and Sources of Collinearity', Wiley, 1980. 244-261.\n   - Quinlan,R. (1993). Combining Instance-Based and Model-Based Learning. In Proceedings on the Tenth International Conference of Machine Learning, 236-243, University of Massachusetts, Amherst. Morgan Kaufmann.\n\n"
    }
   ],
   "source": [
    "print(boston_data.DESCR)"
   ]
  },
  {
   "cell_type": "markdown",
   "execution_count": null,
   "metadata": {},
   "outputs": [],
   "source": [
    "Vamos que un valor cero tiene sentido tanto para ZN como CHAS, así que concluimos que no es indicativo de un valor que falte. Si hubiésemos tenido el caso de valores que faltan, ya sea representados correctamente por `nan` o por ceros, tendríamos que proceder a sustituir esos valores con la técnica que ya hemos ilustrado en [el ejercicio de kNNs para predicción de diabetes](kNNs_Exercise_Solutions.ipynb)."
   ]
  },
  {
   "cell_type": "markdown",
   "execution_count": null,
   "metadata": {},
   "outputs": [],
   "source": [
    "## Correlación entre atributos"
   ]
  },
  {
   "cell_type": "markdown",
   "execution_count": null,
   "metadata": {},
   "outputs": [],
   "source": [
    "Es bastante útil saber si hay pares de características que están correladas y cuánto. Para algunos algoritmos de Machine Learning suponen un problema, e idealmente deberíamos limpiar los datos para tener un conjunto de características que sean independientes. Recordemos que la correlación es un problema sólo para algunos tipos de algoritmos (regresión lineal, regresión logística), y puede llegar a ocultar interacciones interesantes en los datos entre diferentes características en los Random Forests. La correlación entre una característica y nuestro objetivo siempre es interesante y nos interesa mantenerla.\n",
    "\n",
    "En otros casos, la correlación entre características no se traduce en un detrimento del comportamiento del modelo. Por ejemplo, Naive Bayes puede beneficiarse de características que esté correladas entre sí positivamente.\n",
    "\n",
    "Pandas nos ofrece tres coeficientes de medida de correlación a través de `DataFrame.corr()`:\n",
    "\n",
    " - Coeficiente de Pearson\n",
    " - Tau de Kendall\n",
    " - Correlación de Spearman\n",
    "\n",
    "`DataFrame.corr()` devuelve otro DataFrame con los pares de características en el rango [-1,1], con un significado de 1 para correlación total, -1 para correlación negativa, y 0 para ninguna correlación: "
   ]
  },
  {
   "cell_type": "code",
   "execution_count": 15,
   "metadata": {},
   "outputs": [
    {
     "data": {
      "text/html": "<div>\n<style scoped>\n    .dataframe tbody tr th:only-of-type {\n        vertical-align: middle;\n    }\n\n    .dataframe tbody tr th {\n        vertical-align: top;\n    }\n\n    .dataframe thead th {\n        text-align: right;\n    }\n</style>\n<table border=\"1\" class=\"dataframe\">\n  <thead>\n    <tr style=\"text-align: right;\">\n      <th></th>\n      <th>CRIM</th>\n      <th>ZN</th>\n      <th>INDUS</th>\n      <th>CHAS</th>\n      <th>NOX</th>\n      <th>RM</th>\n      <th>AGE</th>\n      <th>DIS</th>\n      <th>RAD</th>\n      <th>TAX</th>\n      <th>PTRATIO</th>\n      <th>B</th>\n      <th>LSTAT</th>\n      <th>TARGET</th>\n    </tr>\n  </thead>\n  <tbody>\n    <tr>\n      <th>CRIM</th>\n      <td>1.000000</td>\n      <td>-0.200469</td>\n      <td>0.406583</td>\n      <td>-0.055892</td>\n      <td>0.420972</td>\n      <td>-0.219247</td>\n      <td>0.352734</td>\n      <td>-0.379670</td>\n      <td>0.625505</td>\n      <td>0.582764</td>\n      <td>0.289946</td>\n      <td>-0.385064</td>\n      <td>0.455621</td>\n      <td>-0.388305</td>\n    </tr>\n    <tr>\n      <th>ZN</th>\n      <td>-0.200469</td>\n      <td>1.000000</td>\n      <td>-0.533828</td>\n      <td>-0.042697</td>\n      <td>-0.516604</td>\n      <td>0.311991</td>\n      <td>-0.569537</td>\n      <td>0.664408</td>\n      <td>-0.311948</td>\n      <td>-0.314563</td>\n      <td>-0.391679</td>\n      <td>0.175520</td>\n      <td>-0.412995</td>\n      <td>0.360445</td>\n    </tr>\n    <tr>\n      <th>INDUS</th>\n      <td>0.406583</td>\n      <td>-0.533828</td>\n      <td>1.000000</td>\n      <td>0.062938</td>\n      <td>0.763651</td>\n      <td>-0.391676</td>\n      <td>0.644779</td>\n      <td>-0.708027</td>\n      <td>0.595129</td>\n      <td>0.720760</td>\n      <td>0.383248</td>\n      <td>-0.356977</td>\n      <td>0.603800</td>\n      <td>-0.483725</td>\n    </tr>\n    <tr>\n      <th>CHAS</th>\n      <td>-0.055892</td>\n      <td>-0.042697</td>\n      <td>0.062938</td>\n      <td>1.000000</td>\n      <td>0.091203</td>\n      <td>0.091251</td>\n      <td>0.086518</td>\n      <td>-0.099176</td>\n      <td>-0.007368</td>\n      <td>-0.035587</td>\n      <td>-0.121515</td>\n      <td>0.048788</td>\n      <td>-0.053929</td>\n      <td>0.175260</td>\n    </tr>\n    <tr>\n      <th>NOX</th>\n      <td>0.420972</td>\n      <td>-0.516604</td>\n      <td>0.763651</td>\n      <td>0.091203</td>\n      <td>1.000000</td>\n      <td>-0.302188</td>\n      <td>0.731470</td>\n      <td>-0.769230</td>\n      <td>0.611441</td>\n      <td>0.668023</td>\n      <td>0.188933</td>\n      <td>-0.380051</td>\n      <td>0.590879</td>\n      <td>-0.427321</td>\n    </tr>\n    <tr>\n      <th>RM</th>\n      <td>-0.219247</td>\n      <td>0.311991</td>\n      <td>-0.391676</td>\n      <td>0.091251</td>\n      <td>-0.302188</td>\n      <td>1.000000</td>\n      <td>-0.240265</td>\n      <td>0.205246</td>\n      <td>-0.209847</td>\n      <td>-0.292048</td>\n      <td>-0.355501</td>\n      <td>0.128069</td>\n      <td>-0.613808</td>\n      <td>0.695360</td>\n    </tr>\n    <tr>\n      <th>AGE</th>\n      <td>0.352734</td>\n      <td>-0.569537</td>\n      <td>0.644779</td>\n      <td>0.086518</td>\n      <td>0.731470</td>\n      <td>-0.240265</td>\n      <td>1.000000</td>\n      <td>-0.747881</td>\n      <td>0.456022</td>\n      <td>0.506456</td>\n      <td>0.261515</td>\n      <td>-0.273534</td>\n      <td>0.602339</td>\n      <td>-0.376955</td>\n    </tr>\n    <tr>\n      <th>DIS</th>\n      <td>-0.379670</td>\n      <td>0.664408</td>\n      <td>-0.708027</td>\n      <td>-0.099176</td>\n      <td>-0.769230</td>\n      <td>0.205246</td>\n      <td>-0.747881</td>\n      <td>1.000000</td>\n      <td>-0.494588</td>\n      <td>-0.534432</td>\n      <td>-0.232471</td>\n      <td>0.291512</td>\n      <td>-0.496996</td>\n      <td>0.249929</td>\n    </tr>\n    <tr>\n      <th>RAD</th>\n      <td>0.625505</td>\n      <td>-0.311948</td>\n      <td>0.595129</td>\n      <td>-0.007368</td>\n      <td>0.611441</td>\n      <td>-0.209847</td>\n      <td>0.456022</td>\n      <td>-0.494588</td>\n      <td>1.000000</td>\n      <td>0.910228</td>\n      <td>0.464741</td>\n      <td>-0.444413</td>\n      <td>0.488676</td>\n      <td>-0.381626</td>\n    </tr>\n    <tr>\n      <th>TAX</th>\n      <td>0.582764</td>\n      <td>-0.314563</td>\n      <td>0.720760</td>\n      <td>-0.035587</td>\n      <td>0.668023</td>\n      <td>-0.292048</td>\n      <td>0.506456</td>\n      <td>-0.534432</td>\n      <td>0.910228</td>\n      <td>1.000000</td>\n      <td>0.460853</td>\n      <td>-0.441808</td>\n      <td>0.543993</td>\n      <td>-0.468536</td>\n    </tr>\n    <tr>\n      <th>PTRATIO</th>\n      <td>0.289946</td>\n      <td>-0.391679</td>\n      <td>0.383248</td>\n      <td>-0.121515</td>\n      <td>0.188933</td>\n      <td>-0.355501</td>\n      <td>0.261515</td>\n      <td>-0.232471</td>\n      <td>0.464741</td>\n      <td>0.460853</td>\n      <td>1.000000</td>\n      <td>-0.177383</td>\n      <td>0.374044</td>\n      <td>-0.507787</td>\n    </tr>\n    <tr>\n      <th>B</th>\n      <td>-0.385064</td>\n      <td>0.175520</td>\n      <td>-0.356977</td>\n      <td>0.048788</td>\n      <td>-0.380051</td>\n      <td>0.128069</td>\n      <td>-0.273534</td>\n      <td>0.291512</td>\n      <td>-0.444413</td>\n      <td>-0.441808</td>\n      <td>-0.177383</td>\n      <td>1.000000</td>\n      <td>-0.366087</td>\n      <td>0.333461</td>\n    </tr>\n    <tr>\n      <th>LSTAT</th>\n      <td>0.455621</td>\n      <td>-0.412995</td>\n      <td>0.603800</td>\n      <td>-0.053929</td>\n      <td>0.590879</td>\n      <td>-0.613808</td>\n      <td>0.602339</td>\n      <td>-0.496996</td>\n      <td>0.488676</td>\n      <td>0.543993</td>\n      <td>0.374044</td>\n      <td>-0.366087</td>\n      <td>1.000000</td>\n      <td>-0.737663</td>\n    </tr>\n    <tr>\n      <th>TARGET</th>\n      <td>-0.388305</td>\n      <td>0.360445</td>\n      <td>-0.483725</td>\n      <td>0.175260</td>\n      <td>-0.427321</td>\n      <td>0.695360</td>\n      <td>-0.376955</td>\n      <td>0.249929</td>\n      <td>-0.381626</td>\n      <td>-0.468536</td>\n      <td>-0.507787</td>\n      <td>0.333461</td>\n      <td>-0.737663</td>\n      <td>1.000000</td>\n    </tr>\n  </tbody>\n</table>\n</div>",
      "text/plain": "             CRIM        ZN     INDUS      CHAS       NOX        RM       AGE  \\\nCRIM     1.000000 -0.200469  0.406583 -0.055892  0.420972 -0.219247  0.352734   \nZN      -0.200469  1.000000 -0.533828 -0.042697 -0.516604  0.311991 -0.569537   \nINDUS    0.406583 -0.533828  1.000000  0.062938  0.763651 -0.391676  0.644779   \nCHAS    -0.055892 -0.042697  0.062938  1.000000  0.091203  0.091251  0.086518   \nNOX      0.420972 -0.516604  0.763651  0.091203  1.000000 -0.302188  0.731470   \nRM      -0.219247  0.311991 -0.391676  0.091251 -0.302188  1.000000 -0.240265   \nAGE      0.352734 -0.569537  0.644779  0.086518  0.731470 -0.240265  1.000000   \nDIS     -0.379670  0.664408 -0.708027 -0.099176 -0.769230  0.205246 -0.747881   \nRAD      0.625505 -0.311948  0.595129 -0.007368  0.611441 -0.209847  0.456022   \nTAX      0.582764 -0.314563  0.720760 -0.035587  0.668023 -0.292048  0.506456   \nPTRATIO  0.289946 -0.391679  0.383248 -0.121515  0.188933 -0.355501  0.261515   \nB       -0.385064  0.175520 -0.356977  0.048788 -0.380051  0.128069 -0.273534   \nLSTAT    0.455621 -0.412995  0.603800 -0.053929  0.590879 -0.613808  0.602339   \nTARGET  -0.388305  0.360445 -0.483725  0.175260 -0.427321  0.695360 -0.376955   \n\n              DIS       RAD       TAX   PTRATIO         B     LSTAT    TARGET  \nCRIM    -0.379670  0.625505  0.582764  0.289946 -0.385064  0.455621 -0.388305  \nZN       0.664408 -0.311948 -0.314563 -0.391679  0.175520 -0.412995  0.360445  \nINDUS   -0.708027  0.595129  0.720760  0.383248 -0.356977  0.603800 -0.483725  \nCHAS    -0.099176 -0.007368 -0.035587 -0.121515  0.048788 -0.053929  0.175260  \nNOX     -0.769230  0.611441  0.668023  0.188933 -0.380051  0.590879 -0.427321  \nRM       0.205246 -0.209847 -0.292048 -0.355501  0.128069 -0.613808  0.695360  \nAGE     -0.747881  0.456022  0.506456  0.261515 -0.273534  0.602339 -0.376955  \nDIS      1.000000 -0.494588 -0.534432 -0.232471  0.291512 -0.496996  0.249929  \nRAD     -0.494588  1.000000  0.910228  0.464741 -0.444413  0.488676 -0.381626  \nTAX     -0.534432  0.910228  1.000000  0.460853 -0.441808  0.543993 -0.468536  \nPTRATIO -0.232471  0.464741  0.460853  1.000000 -0.177383  0.374044 -0.507787  \nB        0.291512 -0.444413 -0.441808 -0.177383  1.000000 -0.366087  0.333461  \nLSTAT   -0.496996  0.488676  0.543993  0.374044 -0.366087  1.000000 -0.737663  \nTARGET   0.249929 -0.381626 -0.468536 -0.507787  0.333461 -0.737663  1.000000  "
     },
     "execution_count": 15,
     "metadata": {},
     "output_type": "execute_result"
    }
   ],
   "source": [
    "df_boston.corr(method='pearson')"
   ]
  },
  {
   "cell_type": "markdown",
   "execution_count": null,
   "metadata": {},
   "outputs": [],
   "source": [
    "Nótese que computacionalmente, los tres métodos de calculo de correlación difieren bastante:"
   ]
  },
  {
   "cell_type": "code",
   "execution_count": 16,
   "metadata": {},
   "outputs": [
    {
     "name": "stdout",
     "output_type": "stream",
     "text": "Metrics for pearson\n414 µs ± 5.8 µs per loop (mean ± std. dev. of 7 runs, 1000 loops each)\nMetrics for kendall\n32.6 ms ± 762 µs per loop (mean ± std. dev. of 7 runs, 10 loops each)\nMetrics for spearman\n11 ms ± 210 µs per loop (mean ± std. dev. of 7 runs, 100 loops each)\n"
    }
   ],
   "source": [
    "for method in ['pearson', 'kendall', 'spearman']:\n",
    "    print(\"Metrics for\", method)\n",
    "    # Magic de iPython para hacer benchmarking de un comando\n",
    "    %timeit df_boston.corr(method)"
   ]
  },
  {
   "cell_type": "markdown",
   "execution_count": null,
   "metadata": {},
   "outputs": [],
   "source": [
    "Además de la correlación entre las características, también queremos saber la correlación entre las características y los valores objetivo, es decir, cómo es cada valor de entrada capaza de predecir nuestro objetivo:"
   ]
  },
  {
   "cell_type": "code",
   "execution_count": 17,
   "metadata": {},
   "outputs": [],
   "source": [
    "pearson = df_boston.corr(method='pearson')\n",
    "# Los objetivos son la última columna, eliminamos también la correlación consigo mismos\n",
    "corr_with_target = pearson.ix[-1][:-1]\n",
    "# Ahora ordenamos con los que mejor predicen primero\n",
    "predictiviy = corr_with_target.sort_values(ascending=False)"
   ]
  },
  {
   "cell_type": "code",
   "execution_count": 18,
   "metadata": {},
   "outputs": [
    {
     "data": {
      "text/plain": "RM         0.695360\nZN         0.360445\nB          0.333461\nDIS        0.249929\nCHAS       0.175260\nAGE       -0.376955\nRAD       -0.381626\nCRIM      -0.388305\nNOX       -0.427321\nTAX       -0.468536\nINDUS     -0.483725\nPTRATIO   -0.507787\nLSTAT     -0.737663\nName: TARGET, dtype: float64"
     },
     "execution_count": 18,
     "metadata": {},
     "output_type": "execute_result"
    }
   ],
   "source": [
    "predictiviy"
   ]
  },
  {
   "cell_type": "markdown",
   "execution_count": null,
   "metadata": {},
   "outputs": [],
   "source": [
    "Ya que puede que estemos interesados en las correlaciones negativas, usemos `argsort` para hacer un listado inverso de las características y ver cuál está más fuertemente correlada negativamente:"
   ]
  },
  {
   "cell_type": "code",
   "execution_count": 19,
   "metadata": {},
   "outputs": [
    {
     "data": {
      "text/plain": "LSTAT     -0.737663\nRM         0.695360\nPTRATIO   -0.507787\nINDUS     -0.483725\nTAX       -0.468536\nNOX       -0.427321\nCRIM      -0.388305\nRAD       -0.381626\nAGE       -0.376955\nZN         0.360445\nB          0.333461\nDIS        0.249929\nCHAS       0.175260\nName: TARGET, dtype: float64"
     },
     "execution_count": 19,
     "metadata": {},
     "output_type": "execute_result"
    }
   ],
   "source": [
    "corr_with_target[abs(corr_with_target).argsort()[::-1]]"
   ]
  },
  {
   "cell_type": "markdown",
   "execution_count": null,
   "metadata": {},
   "outputs": [],
   "source": [
    "Todo esto está muy bien, pero podemos apoyarnos en librerías de visualización como Seaborn para visualizar el análisis exploratorio de los datos.\n",
    "\n",
    "Primero, pintamos la distribución de la variable objetivo usando la función `distplot` de Seaborn:"
   ]
  },
  {
   "cell_type": "code",
   "execution_count": 20,
   "metadata": {},
   "outputs": [
    {
     "data": {
